0.00
0.89
1.79
2.68
3.57
4.46
5.36
6.25
7.14
8.04
8.93
9.82
10.71
11.61
12.50
13.39
14.29
15.18
16.07
16.96
17.86
18.75
19.64
20.54
21.43
22.32
23.21
24.11
25.00
25.89
26.79
27.68
28.57
29.46
30.36
31.25
32.14
33.04
33.93
34.82
35.71
36.61
37.50
38.39
39.29
40.18
41.07
41.96
42.86
43.75
44.64
45.54
46.43
47.32
48.21
49.11
50.00
50.89
51.79
52.68
53.57
54.46
55.36
56.25
57.14
58.04
58.93
59.82
60.71
61.61
62.50
63.39
64.29
65.18
66.07
66.96
67.86
68.75
69.64
70.54
71.43
72.32
73.21
74.11
75.00
75.89
76.79
77.68
78.57
79.46
80.36
81.25
82.14
83.04
83.93
84.82
85.71
86.61
87.50
88.39
89.29
90.18
91.07
91.96
92.86
93.75
94.64
95.54
96.43
97.32
98.21
99.11
100.00
