  Run_nr	    Time	   Alpha	Delta_Pb	   P_bar	       T	      Fx	      Fy	      Fz	     rpm	     Rho
       /	   H:M:S	 degrees	      Pa	      Pa	 degr._C	       N	       N	       N	   1/min	  kg/m^3
       1	 16:01:14	  -4.000	   96.76	 1013.33	   22.71	   0.375	  -1.963	  -0.184	   750.2	   1.193
       2	 16:04:18	  -2.000	   98.38	 1013.31	   22.91	   0.334	  -0.433	  -0.171	   750.1	   1.192
       3	 16:04:53	   0.000	   98.15	 1013.31	   22.91	   0.351	   1.370	  -0.157	   749.7	   1.192
       4	 16:05:33	   2.000	   97.51	 1013.33	   22.93	   0.406	   3.533	  -0.137	   750.1	   1.192
       5	 16:06:16	   4.000	   97.91	 1013.31	   22.95	   0.488	   5.296	  -0.137	   749.9	   1.192
       6	 16:06:48	   6.000	   97.44	 1013.31	   22.97	   0.610	   7.177	  -0.138	   749.9	   1.192
       7	 16:07:51	   8.000	   95.58	 1013.35	   23.00	   0.762	   8.889	  -0.154	   749.9	   1.192
       8	 16:08:53	   8.500	   98.25	 1013.33	   23.02	   0.827	   9.563	  -0.163	   750.2	   1.192
       9	 16:10:44	   9.000	   97.40	 1013.39	   23.07	   0.869	   9.868	  -0.166	   750.0	   1.192
      10	 16:11:13	   9.500	   96.01	 1013.39	   23.08	   0.911	  10.114	  -0.173	   750.6	   1.192
      11	 16:11:38	  10.000	   96.90	 1013.39	   23.09	   0.969	  10.519	  -0.183	   750.2	   1.192
      12	 16:12:02	  10.500	   98.39	 1013.39	   23.11	   1.033	  11.025	  -0.185	   750.4	   1.192
      13	 16:12:23	  11.000	   97.14	 1013.40	   23.12	   1.090	  11.145	  -0.200	   750.0	   1.192
      14	 16:12:43	  11.500	   98.08	 1013.41	   23.12	   1.151	  11.391	  -0.208	   750.1	   1.192
      15	 16:13:07	  12.000	   96.96	 1013.45	   23.13	   1.205	  11.473	  -0.219	   749.8	   1.192
      16	 16:13:40	  12.500	   95.66	 1013.40	   23.14	   1.275	  11.667	  -0.230	   749.9	   1.192
      17	 16:14:14	  13.000	   97.12	 1013.44	   23.15	   1.342	  11.840	  -0.237	   750.0	   1.192
      18	 16:14:40	  13.500	   97.07	 1013.42	   23.15	   1.427	  11.958	  -0.249	   750.1	   1.192
      19	 16:15:26	  14.000	   96.09	 1013.42	   23.17	   1.541	  11.980	  -0.251	   749.7	   1.191
      20	 16:15:51	  14.500	   96.08	 1013.45	   23.18	   1.670	  11.964	  -0.257	   750.0	   1.191
      21	 16:16:17	  15.000	   95.14	 1013.41	   23.18	   2.611	  11.606	  -0.202	   750.3	   1.191
      22	 16:16:39	  15.500	   94.38	 1013.41	   23.19	   2.882	  11.122	  -0.201	   750.0	   1.191
      23	 16:17:04	  16.000	   96.48	 1013.40	   23.20	   3.074	  10.762	  -0.199	   749.5	   1.191
      24	 16:17:31	  16.500	   97.62	 1013.41	   23.20	   3.214	  10.443	  -0.204	   750.4	   1.191
      25	 16:18:02	  17.000	   96.67	 1013.38	   23.20	   3.313	  10.125	  -0.227	   750.1	   1.191
      26	 16:18:35	  17.500	   95.37	 1013.36	   23.22	   3.393	   9.888	  -0.228	   749.8	   1.191
      27	 16:19:02	  18.000	   96.74	 1013.38	   23.23	   3.454	   9.666	  -0.238	   750.0	   1.191
      28	 16:19:25	  18.500	   94.04	 1013.38	   23.24	   3.505	   9.460	  -0.247	   750.4	   1.191
      29	 16:19:48	  19.000	   94.22	 1013.36	   23.24	   3.637	   9.503	  -0.254	   749.8	   1.191
      30	 16:20:14	  19.500	   95.15	 1013.34	   23.25	   3.767	   9.544	  -0.268	   749.8	   1.191
      31	 16:20:48	  20.000	   96.53	 1013.32	   23.26	   3.859	   9.509	  -0.242	   749.8	   1.191
      32	 16:21:23	  22.000	   93.43	 1013.31	   23.27	   4.196	   9.341	  -0.134	   750.0	   1.191
      33	 16:22:01	  90.000	   83.56	 1013.35	   23.27	  19.614	   0.552	   1.517	   750.2	   1.191
      34	 16:22:50	 180.000	   98.02	 1013.33	   23.28	  -0.043	   0.866	  -0.192	   749.9	   1.191
      35	 16:27:20	  20.000	   97.24	 1013.28	   23.16	   3.886	   9.526	  -0.244	   750.1	   1.191
      36	 16:27:41	  19.000	   95.51	 1013.34	   23.19	   3.691	   9.608	  -0.259	   750.1	   1.191
      37	 16:27:52	  17.445	   95.36	 1013.31	   23.20	   3.327	   9.768	  -0.229	   750.3	   1.191
      38	 16:27:58	  17.000	   93.27	 1013.31	   23.21	   3.306	  10.081	  -0.217	   749.9	   1.191
      39	 16:28:08	  16.000	   97.40	 1013.29	   23.21	   3.096	  10.719	  -0.204	   750.5	   1.191
      40	 16:28:18	  15.000	   96.80	 1013.28	   23.22	   2.637	  11.503	  -0.208	   749.9	   1.191
      41	 16:28:29	  14.000	   95.76	 1013.28	   23.24	   1.602	  11.995	  -0.248	   749.8	   1.191
      42	 16:28:41	  13.000	   97.78	 1013.26	   23.25	   1.440	  11.974	  -0.229	   749.8	   1.191
      43	 16:28:51	  12.000	   96.50	 1013.26	   23.25	   1.287	  11.475	  -0.212	   749.7	   1.191
      44	 16:29:02	  11.000	   96.23	 1013.26	   23.26	   1.146	  11.132	  -0.196	   750.0	   1.191
      45	 16:29:15	  10.000	   97.55	 1013.25	   23.26	   0.999	  10.573	  -0.182	   749.7	   1.191
      46	 16:29:24	   9.000	   97.01	 1013.26	   23.27	   0.887	   9.749	  -0.167	   750.0	   1.191
      47	 16:29:32	   8.000	   98.11	 1013.29	   23.27	   0.796	   9.032	  -0.162	   749.9	   1.191
      48	 16:29:41	   7.000	   97.90	 1013.29	   23.27	   0.707	   8.164	  -0.151	   750.0	   1.191
      49	 16:29:50	   6.000	   98.30	 1013.24	   23.28	   0.629	   7.186	  -0.143	   750.3	   1.191
      50	 16:29:58	   5.000	   98.35	 1013.27	   23.28	   0.573	   6.275	  -0.142	   750.0	   1.191
      51	 16:30:07	   4.000	   95.91	 1013.29	   23.29	   0.509	   5.308	  -0.141	   749.7	   1.191
      52	 16:30:16	   3.000	   96.84	 1013.28	   23.29	   0.463	   4.403	  -0.138	   750.3	   1.191
      53	 16:30:37	   1.000	   97.83	 1013.26	   23.29	   0.393	   2.686	  -0.148	   749.9	   1.191
      54	 16:30:46	  -0.008	   98.04	 1013.28	   23.29	   0.370	   1.356	  -0.163	   749.6	   1.191
